1.013222639999999952e+00 3.329955689999999913e-01 1.812866399999999989e-01
7.255989779999999501e-01 -7.660449419999999510e-01 2.388625370000000137e-01
7.293356069999999969e-01 -2.309436669999999914e-01 -7.649239429999999951e-01
3.513618940000000079e-01 8.291166559999999519e-01 -5.995702059999999944e-01
3.453146120000000208e-01 -3.669575399999999710e-02 1.024590300000000065e+00
1.140240770000000015e-01 9.491686000000000289e-01 5.064104270000000518e-01
-1.013224020000000003e+00 -3.329960299999999984e-01 -1.812867549999999939e-01
-1.140234759999999986e-01 -9.491689129999999475e-01 -5.064103450000000395e-01
-3.513615239999999806e-01 -8.291170820000000052e-01 5.995701460000000260e-01
-3.453152549999999876e-01 3.669568430000000325e-02 -1.024590270000000025e+00
-7.255983929999999527e-01 7.660457630000000462e-01 -2.388624659999999955e-01
-7.293359729999999708e-01 2.309438430000000098e-01 7.649237859999999944e-01
8.338999999999999696e-07 2.732999999999999922e-07 1.488000000000000089e-07
4.854645436046355345e-01 7.099314796504575531e-01 1.107951945173213382e-02
